000000000000000000000000000000000000000000000000000000000000
000000000000000000000000000000000000000000000000000000000000
000000000000000000000000000000000000000000000000000000000000
000000000000000000000000000000000000000000000000000000000000
000000000000000000000000000000000000000000000000000000000000
000000000000000000000000000000000000000000000000000000000000
000000000000000000000000000000000000000000000000000000000000
000000000000000000000000000111100000000000000000000000000000
000000000000000000000000001111111100000000000000000000000000
000000000000000000000000001111111110000000000000000000000000
000000000000000000000000000000111111000000000000000000000000
000000000000000000000000000000011110000000000000000000000000
000000000000000000000000000000011110100000000000000000000000
000000000000000000000000000000001100100000000000000000000000
000000000000000000000000000000000000000000000000000000000000
000000000000000000000000000000000000000000000000000000000000
000000000000000000000000000000000000000000000000000000000000
000000000000000000000000000000000000000000000000000000000000
000000000000000000000000000000000000000000000000000000000000
000000000000000000000000000000000000000000000000000000000000