000000000000000000000000000000000000000000000000000000000000
000000000000000000000000000000000000000000001000000000000000
000000000000000000000000000000000000011000111111000100000000
000000000000000000000000000000000011111111111111111111111110
000000000000000000000000000000000011111111111111111110111000
000000000000000000000000000000000011111111111111111001100000
000000000000000000000000000000000011111111111111110100000000
000000000000000000000000000000000011111111111111011000000000
000000000000000000000000000000000001110111111111000000000000
000000000000000000000000000000000000110011001100100000000000
000000000000000000000000000000000000000000001101000000000000
000000000000000000000000000000000000000000000011100110000000
000000000000000000000000000000000000000000000000000000000000
000000000000000000000000000000000000000000000000000000000000
000000000000000000000000000000000000000000000000000000000000
000000000000000000000000000000000000000000000000000000000000
000000000000000000000000000000000000000000000000000000000000
000000000000000000000000000000000000000000000000000000000000
000000000000000000000000000000000000000000000000000000000000
000000000000000000000000000000000000000000000000000000000000