0,0,0
1,0,0
2,0,0
3,0,0
4,0,0
5,0,0
6,0,0
7,0,0
8,0,0
9,0,0
10,0,0
11,0,0
12,0,0
13,0,0
14,0,0
15,0,0
16,0,0
17,0,0
18,0,0
19,0,0
20,0,0
21,0,0
22,0,0
23,0,0
24,0,0
25,0,0
26,0,0
27,0,0
28,0,0
29,0,0
30,0,0
31,0,0
32,0,0
33,0,0
34,0,0
35,0,0
36,0,0
37,0,0
38,0,0
39,0,0
40,0,0
41,0,0
42,0,0
43,0,0
44,0,0
45,0,0
46,0,0
47,0,0
48,0,0
49,0,0
50,0,0
51,0,0
52,0,0
53,0,0
54,0,0
55,0,0
56,0,0
57,0,0
58,0,0
59,0,0
0,1,0
1,1,0
2,1,0
3,1,0
4,1,0
5,1,0
6,1,0
7,1,0
8,1,0
9,1,0
10,1,0
11,1,0
12,1,0
13,1,0
14,1,1
15,1,1
16,1,1
17,1,1
18,1,1
19,1,1
20,1,1
21,1,1
22,1,1
23,1,1
24,1,1
25,1,1
26,1,1
27,1,0
28,1,0
29,1,0
30,1,0
31,1,1
32,1,1
33,1,0
34,1,0
35,1,0
36,1,0
37,1,0
38,1,0
39,1,0
40,1,0
41,1,0
42,1,0
43,1,0
44,1,1
45,1,0
46,1,0
47,1,0
48,1,0
49,1,0
50,1,0
51,1,0
52,1,0
53,1,0
54,1,0
55,1,0
56,1,0
57,1,0
58,1,0
59,1,0
0,2,0
1,2,0
2,2,0
3,2,0
4,2,0
5,2,0
6,2,0
7,2,0
8,2,0
9,2,1
10,2,1
11,2,1
12,2,1
13,2,1
14,2,1
15,2,1
16,2,1
17,2,0
18,2,0
19,2,0
20,2,1
21,2,1
22,2,1
23,2,1
24,2,1
25,2,1
26,2,0
27,2,0
28,2,0
29,2,0
30,2,0
31,2,0
32,2,0
33,2,0
34,2,0
35,2,0
36,2,0
37,2,1
38,2,1
39,2,0
40,2,0
41,2,0
42,2,1
43,2,1
44,2,1
45,2,1
46,2,1
47,2,1
48,2,0
49,2,0
50,2,0
51,2,1
52,2,0
53,2,0
54,2,0
55,2,0
56,2,0
57,2,0
58,2,0
59,2,0
0,3,0
1,3,0
2,3,1
3,3,1
4,3,1
5,3,1
6,3,1
7,3,1
8,3,1
9,3,1
10,3,1
11,3,1
12,3,1
13,3,1
14,3,1
15,3,1
16,3,0
17,3,1
18,3,1
19,3,0
20,3,0
21,3,1
22,3,1
23,3,1
24,3,0
25,3,0
26,3,1
27,3,0
28,3,0
29,3,0
30,3,0
31,3,1
32,3,1
33,3,1
34,3,1
35,3,1
36,3,1
37,3,1
38,3,1
39,3,1
40,3,1
41,3,1
42,3,1
43,3,1
44,3,1
45,3,1
46,3,1
47,3,1
48,3,1
49,3,1
50,3,1
51,3,1
52,3,1
53,3,1
54,3,1
55,3,1
56,3,1
57,3,1
58,3,1
59,3,0
0,4,0
1,4,0
2,4,1
3,4,1
4,4,1
5,4,1
6,4,1
7,4,1
8,4,1
9,4,1
10,4,1
11,4,1
12,4,1
13,4,1
14,4,1
15,4,0
16,4,0
17,4,1
18,4,1
19,4,0
20,4,0
21,4,0
22,4,0
23,4,0
24,4,0
25,4,0
26,4,0
27,4,0
28,4,0
29,4,0
30,4,1
31,4,1
32,4,0
33,4,1
34,4,1
35,4,1
36,4,1
37,4,1
38,4,1
39,4,1
40,4,1
41,4,1
42,4,1
43,4,1
44,4,1
45,4,1
46,4,1
47,4,1
48,4,1
49,4,1
50,4,1
51,4,1
52,4,1
53,4,0
54,4,1
55,4,1
56,4,1
57,4,0
58,4,0
59,4,0
0,5,0
1,5,0
2,5,0
3,5,0
4,5,0
5,5,0
6,5,0
7,5,0
8,5,1
9,5,1
10,5,1
11,5,1
12,5,1
13,5,1
14,5,1
15,5,1
16,5,0
17,5,1
18,5,1
19,5,1
20,5,0
21,5,0
22,5,0
23,5,0
24,5,0
25,5,0
26,5,0
27,5,1
28,5,1
29,5,1
30,5,1
31,5,1
32,5,1
33,5,1
34,5,1
35,5,1
36,5,1
37,5,1
38,5,1
39,5,1
40,5,1
41,5,1
42,5,1
43,5,1
44,5,1
45,5,1
46,5,1
47,5,1
48,5,1
49,5,1
50,5,1
51,5,0
52,5,0
53,5,1
54,5,1
55,5,0
56,5,0
57,5,0
58,5,0
59,5,0
0,6,0
1,6,0
2,6,0
3,6,0
4,6,0
5,6,0
6,6,0
7,6,0
8,6,0
9,6,1
10,6,1
11,6,1
12,6,1
13,6,1
14,6,1
15,6,1
16,6,1
17,6,1
18,6,1
19,6,0
20,6,0
21,6,0
22,6,0
23,6,0
24,6,0
25,6,0
26,6,0
27,6,1
28,6,1
29,6,1
30,6,1
31,6,1
32,6,1
33,6,1
34,6,1
35,6,1
36,6,1
37,6,1
38,6,1
39,6,1
40,6,1
41,6,1
42,6,1
43,6,1
44,6,1
45,6,1
46,6,1
47,6,1
48,6,1
49,6,1
50,6,0
51,6,1
52,6,0
53,6,0
54,6,0
55,6,0
56,6,0
57,6,0
58,6,0
59,6,0
0,7,0
1,7,0
2,7,0
3,7,0
4,7,0
5,7,0
6,7,0
7,7,0
8,7,0
9,7,0
10,7,1
11,7,1
12,7,1
13,7,1
14,7,1
15,7,1
16,7,1
17,7,0
18,7,0
19,7,0
20,7,0
21,7,0
22,7,0
23,7,0
24,7,0
25,7,0
26,7,0
27,7,1
28,7,1
29,7,1
30,7,1
31,7,0
32,7,0
33,7,0
34,7,1
35,7,1
36,7,1
37,7,1
38,7,1
39,7,1
40,7,1
41,7,1
42,7,1
43,7,1
44,7,1
45,7,1
46,7,1
47,7,1
48,7,0
49,7,1
50,7,1
51,7,0
52,7,0
53,7,0
54,7,0
55,7,0
56,7,0
57,7,0
58,7,0
59,7,0
0,8,0
1,8,0
2,8,0
3,8,0
4,8,0
5,8,0
6,8,0
7,8,0
8,8,0
9,8,0
10,8,0
11,8,1
12,8,1
13,8,1
14,8,0
15,8,1
16,8,0
17,8,0
18,8,0
19,8,0
20,8,0
21,8,0
22,8,0
23,8,0
24,8,0
25,8,0
26,8,1
27,8,1
28,8,1
29,8,1
30,8,1
31,8,1
32,8,1
33,8,1
34,8,0
35,8,1
36,8,1
37,8,1
38,8,0
39,8,1
40,8,1
41,8,1
42,8,1
43,8,1
44,8,1
45,8,1
46,8,1
47,8,1
48,8,0
49,8,0
50,8,0
51,8,0
52,8,0
53,8,0
54,8,0
55,8,0
56,8,0
57,8,0
58,8,0
59,8,0
0,9,0
1,9,0
2,9,0
3,9,0
4,9,0
5,9,0
6,9,0
7,9,0
8,9,0
9,9,0
10,9,0
11,9,0
12,9,0
13,9,0
14,9,1
15,9,1
16,9,0
17,9,0
18,9,0
19,9,0
20,9,0
21,9,0
22,9,0
23,9,0
24,9,0
25,9,0
26,9,1
27,9,1
28,9,1
29,9,1
30,9,1
31,9,1
32,9,1
33,9,1
34,9,1
35,9,0
36,9,1
37,9,1
38,9,0
39,9,0
40,9,1
41,9,1
42,9,0
43,9,0
44,9,1
45,9,1
46,9,0
47,9,0
48,9,1
49,9,0
50,9,0
51,9,0
52,9,0
53,9,0
54,9,0
55,9,0
56,9,0
57,9,0
58,9,0
59,9,0
0,10,0
1,10,0
2,10,0
3,10,0
4,10,0
5,10,0
6,10,0
7,10,0
8,10,0
9,10,0
10,10,0
11,10,0
12,10,0
13,10,0
14,10,0
15,10,0
16,10,1
17,10,1
18,10,1
19,10,1
20,10,1
21,10,0
22,10,0
23,10,0
24,10,0
25,10,0
26,10,0
27,10,0
28,10,0
29,10,0
30,10,1
31,10,1
32,10,1
33,10,1
34,10,1
35,10,1
36,10,0
37,10,0
38,10,0
39,10,0
40,10,0
41,10,0
42,10,0
43,10,0
44,10,1
45,10,1
46,10,0
47,10,1
48,10,0
49,10,0
50,10,0
51,10,0
52,10,0
53,10,0
54,10,0
55,10,0
56,10,0
57,10,0
58,10,0
59,10,0
0,11,0
1,11,0
2,11,0
3,11,0
4,11,0
5,11,0
6,11,0
7,11,0
8,11,0
9,11,0
10,11,0
11,11,0
12,11,0
13,11,0
14,11,0
15,11,0
16,11,1
17,11,1
18,11,1
19,11,1
20,11,1
21,11,1
22,11,1
23,11,1
24,11,0
25,11,0
26,11,0
27,11,0
28,11,0
29,11,0
30,11,0
31,11,1
32,11,1
33,11,1
34,11,1
35,11,0
36,11,0
37,11,0
38,11,0
39,11,0
40,11,0
41,11,0
42,11,0
43,11,0
44,11,0
45,11,0
46,11,1
47,11,1
48,11,1
49,11,0
50,11,0
51,11,1
52,11,1
53,11,0
54,11,0
55,11,0
56,11,0
57,11,0
58,11,0
59,11,0
0,12,0
1,12,0
2,12,0
3,12,0
4,12,0
5,12,0
6,12,0
7,12,0
8,12,0
9,12,0
10,12,0
11,12,0
12,12,0
13,12,0
14,12,0
15,12,0
16,12,0
17,12,0
18,12,1
19,12,1
20,12,1
21,12,1
22,12,0
23,12,0
24,12,0
25,12,0
26,12,0
27,12,0
28,12,0
29,12,0
30,12,0
31,12,1
32,12,1
33,12,1
34,12,1
35,12,0
36,12,1
37,12,0
38,12,0
39,12,0
40,12,0
41,12,0
42,12,0
43,12,0
44,12,0
45,12,0
46,12,0
47,12,0
48,12,1
49,12,1
50,12,1
51,12,1
52,12,0
53,12,0
54,12,0
55,12,0
56,12,0
57,12,0
58,12,0
59,12,0
0,13,0
1,13,0
2,13,0
3,13,0
4,13,0
5,13,0
6,13,0
7,13,0
8,13,0
9,13,0
10,13,0
11,13,0
12,13,0
13,13,0
14,13,0
15,13,0
16,13,0
17,13,0
18,13,1
19,13,1
20,13,1
21,13,0
22,13,0
23,13,0
24,13,0
25,13,0
26,13,0
27,13,0
28,13,0
29,13,0
30,13,0
31,13,0
32,13,1
33,13,1
34,13,0
35,13,0
36,13,1
37,13,0
38,13,0
39,13,0
40,13,0
41,13,0
42,13,0
43,13,0
44,13,0
45,13,0
46,13,0
47,13,1
48,13,1
49,13,1
50,13,1
51,13,1
52,13,1
53,13,0
54,13,0
55,13,0
56,13,0
57,13,0
58,13,0
59,13,0
0,14,0
1,14,0
2,14,0
3,14,0
4,14,0
5,14,0
6,14,0
7,14,0
8,14,0
9,14,0
10,14,0
11,14,0
12,14,0
13,14,0
14,14,0
15,14,0
16,14,0
17,14,1
18,14,1
19,14,0
20,14,0
21,14,0
22,14,0
23,14,0
24,14,0
25,14,0
26,14,0
27,14,0
28,14,0
29,14,0
30,14,0
31,14,0
32,14,0
33,14,0
34,14,0
35,14,0
36,14,0
37,14,0
38,14,0
39,14,0
40,14,0
41,14,0
42,14,0
43,14,0
44,14,0
45,14,0
46,14,0
47,14,0
48,14,0
49,14,0
50,14,0
51,14,1
52,14,1
53,14,0
54,14,0
55,14,0
56,14,1
57,14,0
58,14,0
59,14,0
0,15,0
1,15,0
2,15,0
3,15,0
4,15,0
5,15,0
6,15,0
7,15,0
8,15,0
9,15,0
10,15,0
11,15,0
12,15,0
13,15,0
14,15,0
15,15,0
16,15,0
17,15,1
18,15,0
19,15,0
20,15,0
21,15,0
22,15,0
23,15,0
24,15,0
25,15,0
26,15,0
27,15,0
28,15,0
29,15,0
30,15,0
31,15,0
32,15,0
33,15,0
34,15,0
35,15,0
36,15,0
37,15,0
38,15,0
39,15,0
40,15,0
41,15,0
42,15,0
43,15,0
44,15,0
45,15,0
46,15,0
47,15,0
48,15,0
49,15,0
50,15,0
51,15,0
52,15,0
53,15,0
54,15,0
55,15,1
56,15,0
57,15,0
58,15,0
59,15,0
0,16,0
1,16,0
2,16,0
3,16,0
4,16,0
5,16,0
6,16,0
7,16,0
8,16,0
9,16,0
10,16,0
11,16,0
12,16,0
13,16,0
14,16,0
15,16,0
16,16,0
17,16,1
18,16,1
19,16,0
20,16,0
21,16,0
22,16,0
23,16,0
24,16,0
25,16,0
26,16,0
27,16,0
28,16,0
29,16,0
30,16,0
31,16,0
32,16,0
33,16,0
34,16,0
35,16,0
36,16,0
37,16,0
38,16,0
39,16,0
40,16,0
41,16,0
42,16,0
43,16,0
44,16,0
45,16,0
46,16,0
47,16,0
48,16,0
49,16,0
50,16,0
51,16,0
52,16,0
53,16,0
54,16,0
55,16,0
56,16,0
57,16,0
58,16,0
59,16,0
0,17,0
1,17,0
2,17,0
3,17,0
4,17,0
5,17,0
6,17,0
7,17,0
8,17,0
9,17,0
10,17,0
11,17,0
12,17,0
13,17,0
14,17,0
15,17,0
16,17,0
17,17,0
18,17,0
19,17,0
20,17,0
21,17,0
22,17,0
23,17,0
24,17,0
25,17,0
26,17,0
27,17,0
28,17,0
29,17,0
30,17,0
31,17,0
32,17,0
33,17,0
34,17,0
35,17,0
36,17,0
37,17,0
38,17,0
39,17,0
40,17,0
41,17,0
42,17,0
43,17,0
44,17,0
45,17,0
46,17,0
47,17,0
48,17,0
49,17,0
50,17,0
51,17,0
52,17,0
53,17,0
54,17,0
55,17,0
56,17,0
57,17,0
58,17,0
59,17,0
0,18,0
1,18,0
2,18,0
3,18,0
4,18,0
5,18,0
6,18,0
7,18,0
8,18,0
9,18,0
10,18,0
11,18,0
12,18,0
13,18,0
14,18,0
15,18,0
16,18,0
17,18,0
18,18,1
19,18,0
20,18,0
21,18,0
22,18,0
23,18,0
24,18,0
25,18,0
26,18,0
27,18,1
28,18,1
29,18,1
30,18,1
31,18,1
32,18,1
33,18,1
34,18,1
35,18,1
36,18,1
37,18,1
38,18,1
39,18,1
40,18,1
41,18,1
42,18,1
43,18,1
44,18,1
45,18,1
46,18,1
47,18,1
48,18,1
49,18,1
50,18,1
51,18,1
52,18,1
53,18,1
54,18,1
55,18,1
56,18,0
57,18,0
58,18,0
59,18,0
0,19,0
1,19,0
2,19,0
3,19,1
4,19,1
5,19,1
6,19,1
7,19,1
8,19,1
9,19,1
10,19,1
11,19,1
12,19,1
13,19,1
14,19,1
15,19,1
16,19,1
17,19,1
18,19,1
19,19,1
20,19,1
21,19,1
22,19,1
23,19,1
24,19,1
25,19,1
26,19,1
27,19,1
28,19,1
29,19,1
30,19,1
31,19,1
32,19,1
33,19,1
34,19,1
35,19,1
36,19,1
37,19,1
38,19,1
39,19,1
40,19,1
41,19,1
42,19,1
43,19,1
44,19,1
45,19,1
46,19,1
47,19,1
48,19,1
49,19,1
50,19,1
51,19,1
52,19,1
53,19,1
54,19,1
55,19,0
56,19,0
57,19,0
58,19,0
59,19,0

