000000000000000000000000000000000000000000000000000000000000
000000000000001111111111111000000000000000000000000000000000
000000000111111110001111110000000000000000000000000000000000
001111111111111101100111001000000000000000000000000000000000
001111111111111001100000000000000000000000000000000000000000
000000001111111101110000000000000000000000000000000000000000
000000000111111111100000000000000000000000000000000000000000
000000000011111110000000000000000000000000000000000000000000
000000000001110100000000000000000000000000000000000000000000
000000000000001100000000000000000000000000000000000000000000
000000000000000000000000000000000000000000000000000000000000
000000000000000000000000000000000000000000000000000000000000
000000000000000000000000000000000000000000000000000000000000
000000000000000000000000000000000000000000000000000000000000
000000000000000000000000000000000000000000000000000000000000
000000000000000000000000000000000000000000000000000000000000
000000000000000000000000000000000000000000000000000000000000
000000000000000000000000000000000000000000000000000000000000
000000000000000000000000000000000000000000000000000000000000
000000000000000000000000000000000000000000000000000000000000